71
21
51
53
97
23
97
33
95
62
69
70
45
15
75
78
56
52
44
85
11
55
98
18
70
18
6
77
38
21
59
78
56
27
89
89
17
12
39
51
63
31
43
86
54
24
80
26
62
71
18
17
66
44
3
7
56
22
55
16
6
77
14
60
58
84
12
15
10
12
37
22
84
11
51
43
54
3
30
21
40
69
32
92
81
36
56
9
90
95
93
22
43
88
16
20
64
11
82
82
44
45
20
26
68
56
90
58
54
93
23
31
74
87
31
56
15
5
98
50
59
18
17
73
0
79
16
62
79
21
23
95
98
77
43
33
90
74
12
81
44
19
0
39
74
98
7
92
81
81
74
41
74
43
99
4
69
63
67
31
45
36
78
12
31
11
67
37
84
11
14
68
79
13
8
53
78
85
56
57
12
61
84
19
14
3
47
64
65
3
44
84
85
34
95
92
87
64
57
24
16
39
42
37
23
23
44
70
33
36
26
75
77
60
65
81
70
3
61
1
74
98
69
58
